16298
6136
6601
8084
17420
1218
22527
8353
1098
30049
25231
20001
7390
19715
21356
17424
27271
14126
15389
22901
19789
10867
11758
7463
23540
17479
14172
17575
1898
17976
31670
27669
18063
29923
14731
20425
18530
31532
740
3531
8444
13188
23302
31902
30930
6851
20665
22410
12491
14115
28385
11782
8323
32474
26371
29071
13625
6577
173
27203
29994
19083
22479
16898
27373
21832
21677
31977
1727
28345
31590
28143
17776
20867
17118
21701
23915
10654
13314
18282
30449
27956
12612
8669
15861
12093
3960
3962
32730
28282
5917
21287
6278
6894
19833
5712
29299
27393
31725
25480
15547
11128
25435
11680
19727
18992
20629
26630
30168
18528
25647
358
2955
23285
27925
28779
15246
12555
284
5384
21955
25092
15981
31683
25765
32022
21868
4613
15628
3282
6123
31377
3259
24171
5303
14534
16424
32451
22114
9642
30851
30596
4169
6993
25750
27178
15958
8857
8417
27188
14673
15138
19552
19065
15000
21921
16098
2220
15850
15332
1623
10431
4122
21174
4886
18024
32631
27380
29008
13683
26928
25367
7458
21746
10342
10289
25335
21989
2745
24841
21010
19934
13073
26769
24238
18784
2971
23914
1356
17892
29516
16959
24961
15035
9026
24829
1261
6663
15214
15030
6275
23174
25381
29939
24212
8892
4653
13206
9110
18828
14700
10025
4911
14950
18597
27185
12805
16729
16923
3970
26846
30267
28819
29988
9547
29868
7721
12590
6025
13100
25545
4882
5404
14889
1504
18985
2665
19169
29501
21216
28212
18746
25096
128
32415
25944
32703
5924
21589
1425
10149
18077
14858
2373
2467
28076
29383
3005
760
11569
242
26126
9759
20566
22201
9319
5565
1614
7793
12215
2283
13400
638
7134
31858
31445
20806
18465
6611
10433
21846
26170
7048
7804
12605
21393
14066
18653
30978
29957
23616
455
3547
17677
23028
22324
7700
1861
4110
10516
583
7175
9418
18528
20091
19732
19261
14654
23761
5007
27157
15698
10808
27
6401
6104
29365
1403
30000
23649
31859
21004
16240
3550
3519
8432
19947
20786
17868
11724
6015
15100
25496
30833
4548
1086
27423
3575
28762
25668
29087
7588
12838
21635
20236
1897
8449
11003
10168
14233
17657
24524
12788
9515
7506
6531
1601
2791
20476
10288
1129
12302
16505
2105
14428
11631
16902
30371
20108
16382
8324
27064
8421
20652
2805
12054
16483
21075
31670
2788
4605
25398
25694
25633
31347
17143
6979
31552
11576
1910
21296
14257
22032
30584
27765
12509
32736
9017
11458
2399
5235
13587
20548
25832
9582
27730
32710
14000
11167
23465
4059
28013
19750
26684
5824
31146
17973
11950
23592
3123
8163
8147
30502
2572
8602
21778
19327
20074
933
30858
20085
30526
10677
25958
30514
21006
31581
26351
18876
5769
13056
3689
6257
10961
31738
15649
27768
76
27307
27225
13667
5610
18986
5001
7633
15335
17580
2623
6464
315
19902
15240
15644
10065
29706
28809
1185
27856
15168
1582
21021
5984
27314
21913
19220
12837
1797
6198
5164
32070
18862
1276
14268
11191
13095
4138
17585
26710
12518
29605
524
19648
22018
21874
31426
19204
23259
10418
28211
31263
17718
24373
17112
18726
26153
17517
26772
18869
6198
1706
32107
30247
22881
18196
5788
1881
30838
12178
11727
10978
654
32727
26129
5024
13779
22887
23102
15706
26094
15146
29545
17909
6532
1501
31402
277
16918
3508
7013
26421
13895
25525
10319
6984
18084
6324
26190
27807
20015
6098
21369
10308
31081
20321
15642
11753
13676
12041
15419
17934
13586
11412
15832
11093
2890
27370
15206
27978
22181
23604
22209
14315
31791
4495
5666
31251
19425
30154
1212
120
7993
30779
27916
574
31276
30505
14683
4502
343
23440
27958
8353
7591
12235
9117
12200
25944
12259
26748
17295
14133
1457
31808
16233
20784
25100
2247
29119
10320
8757
26758
5513
14618
6703
8622
26416
22836
10490
3371
6782
16191
723
12561
11647
25197
17833
20066
688
29210
12788
2391
32755
28957
25785
16894
14618
24500
4123
30679
26091
933
13103
21229
18833
29100
17638
13199
9520
31711
8176
28151
24256
24198
4713
25932
5986
12824
17152
21836
22780
6758
13642
22265
31848
26613
13694
5858
19773
14448
17500
30978
28380
6695
523
15031
31581
27809
23299
637
18011
19870
3051
14887
6582
2215
18967
11680
4766
25931
25642
746
13339
20988
10096
7978
15094
17707
19329
3553
7514
15549
18360
23909
23787
6703
31521
29304
2851
18522
26796
28761
22673
29498
2857
4227
13157
20465
19122
12012
16977
26804
13918
10960
21907
9298
15570
19083
6991
25010
23963
12873
6919
11242
29867
4337
7893
21286
23151
6478
17709
15794
15697
6938
15946
26465
4486
23971
24746
19568
16101
28363
28957
18915
4326
7249
758
11828
26872
20205
26489
19951
28177
13830
14926
4813
2705
2272
9966
25498
8275
862
7208
15933
21908
4950
3116
31248
17618
5909
8724
20655
20519
10199
1738
12810
30734
22703
30074
25539
19016
8381
11985
24898
18848
29823
788
21142
6715
26038
3006
15547
18395
20551
14931
10811
20933
15623
6541
14602
14310
22189
22306
2974
24010
27488
13779
24937
10457
11937
25277
8539
25672
21986
1837
3890
2499
1986
14319
15144
21466
12227
2977
15594
8
7685
9014
10559
8641
17946
6255
13322
12300
24765
13777
21443
413
17155
32099
9753
29167
14869
29816
3943
7065
21756
7819
25811
6505
19833
17929
25553
24674
17173
21708
30115
25958
16645
17769
993
9435
14560
30453
22465
1731
30144
25710
14466
2050
23170
16485
23326
21129
20511
339
2756
23439
11881
10339
7074
6567
921
25683
31982
31019
973
6332
22564
32486
8181
14839
12193
8240
26230
9082
5933
8561
6294
3392
12950
10759
22109
11574
29570
19167
12387
23061
20225
20839
14745
31048
22329
17872
23068
9551
4829
4637
4840
2856
3540
9928
25950
18077
29312
23442
23871
14702
24006
6570
20723
18449
28664
16373
32359
1297
9422
22512
30687
626
22905
29112
25499
1365
9947
21046
26271
17850
12041
10124
5397
26658
25353
16119
16856
24344
21441
4003
17544
32108
579
26886
9805
8695
17457
1910
15395
22093
167
8984
24431
389
19199
680
22545
7446
23815
14590
31544
26332
6473
7159
13774
16016
2054
28145
16796
22164
21746
25864
8935
8995
9556
11838
2895
16997
1071
16499
9910
18207
17227
5358
20768
19427
20468
5951
30051
453
9506
20399
19303
25989
10365
522
22902
30001
17143
23496
12252
5589
26062
2236
18616
1902
22402
14194
11177
13096
8367
11014
7273
5293
22813
23486
31012
21545
20588
12021
27410
23682
32655
3118
26151
28491
25328
8297
28160
6932
24114
2512
8397
26278
22551
24495
22987
6110
9679
18906
14818
6122
6725
17401
2363
27720
22081
26195
5608
25518
6378
11205
3557
7739
29814
13949
11697
21083
23158
31082
19878
27546
24784
7748
29673
27069
28460
26866
29077
10705
18577
2780
24724
22684
9438
12473
10824
23402
27776
14739
27831
13940
13315
6159
6329
10311
11570
10669
9116
16064
27514
31499
14551
7881
779
28706
4983
29069
29173
24106
18171
25826
8947
7503
31000
14425
14326
15690
25881
15658
11775
9526
26275
31967
15826
5341
5756
2841
2081
9334
356
7402
18586
28710
25177
20988
12334
10739
23888
14904
30731
3030
13562
2593
136
21200
6946
18152
24969
12708
4138
24498
18563
21030
19679
10136
31425
5858
29755
14179
11834
25949
31175
7544
26571
23364
30394
93
7813
27131
13987
1341
25121
17358
23536
29819
21896
14071
1739
32068
2392
17629
6002
24531
1169
28378
6238
3842
17840
2749
31287
27427
9869
20485
7801
3097
23919
19811
10279
10849
18611
3180
7458
22132
26306
26009
9660
29583
4787
14340
6672
14590
27825
17063
20913
24926
19568
530
10580
24799
6884
8409
32616
28272
21032
8611
372
1696
19615
68
32071
9035
7197
26255
8038
17644
8412
4069
16159
17196
24313
5116
26480
4215
16107
5962
25024
464
19807
27995
15007
6463
27473
27149
32457
20567
26072
21698
17907
12558
3961
10367
27359
692
25157
12721
15850
16607
11797
12866
12619
8580
2172
16827
18586
9291
31772
28996
27258
980
29005
26113
4179
20829
32166
25537
2385
10493
5983
16511
5648
17904
14511
23050
28465
22494
7634
425
18252
12980
20149
24570
18655
4751
14822
10679
24135
22992
17296
32019
22902
20606
25365
30385
20036
17109
18285
23751
16138
10897
5210
11471
6346
24245
32153
14000
30910
6381
25862
20547
11518
30288
18738
28515
28240
8873
7157
17350
23797
4068
8519
5135
22727
7202
31807
16434
28335
23698
28827
27803
5408
22974
24547
22100
13815
10256
7494
21722
27004
7270
9643
18056
25551
26811
20369
28168
6303
13003
2285
16888
18838
22357
26146
13068
7307
1340
18464
27117
6621
24797
22431
30842
29234
24788
19345
13217
21387
6636
6165
3942
7566
858
1875
13708
10808
16075
12958
31877
12259
1218
15884
32200
25035
10003
15987
25461
11133
13772
17668
30129
29252
4868
28775
6544
147
667
13866
6493
26628
1516
1437
8707
23504
9800
11178
17134
1512
12550
4264
29879
13905
29971
31779
7920
7791
14762
29841
8202
22910
4205
31718
7578
31313
18485
23697
513
29864
9356
6338
12911
14169
6060
20988
23776
21189
23671
10473
19432
6905
17408
22133
12723
30597
10415
13252
16269
30632
3317
1415
7019
24388
14208
25475
17879
4356
24932
1777
19654
4630
12235
218
32352
9946
2364
