13412
12174
15459
21156
5913
17586
23617
7664
24056
24241
21283
9533
26861
20805
11924
23154
19728
32324
26242
27397
6925
1853
14828
17448
26689
27227
30298
12554
30880
17417
21704
6552
17638
4948
4439
12007
8523
28673
22678
18161
4396
8065
573
31182
25235
17669
7061
31673
24908
11304
31771
24715
3110
20064
20585
22190
30234
31910
28409
22958
7616
16108
1734
13051
19511
5020
5511
26955
10992
19637
32359
31492
30557
18319
26261
603
16592
23077
24796
27701
10720
17362
12020
24173
17061
27828
28042
22211
16215
3219
29669
4392
19649
24779
25587
9679
12322
14761
7221
17639
27190
14441
15609
3017
1940
18935
13296
31388
17606
11225
16051
11277
1749
7590
19297
32080
6146
32209
23690
30672
23122
292
17038
26278
2957
24485
15893
6017
2340
29667
30449
30327
26751
5934
18333
19616
10932
25356
25007
13782
30278
23672
16074
13828
12388
10413
9824
26167
18392
27234
29584
20287
24348
27976
17373
28108
3504
18213
31094
11689
25139
9684
16161
21518
17329
8711
384
28549
17390
7023
17241
24139
11118
3480
17346
29145
15012
15067
22610
17836
11591
32421
12270
18589
1404
11568
21705
4082
9837
16530
22652
24513
11516
13487
19826
20256
12790
3362
16947
11203
20657
2911
31623
30360
5994
7760
25505
26952
23008
28957
25934
1075
20935
19605
886
652
14061
30746
14324
28891
22693
29489
11161
26156
28417
28893
11831
21365
22585
17253
5405
28109
17764
13447
29013
7068
22469
15935
9793
20186
11817
7201
3173
6121
29600
11727
18080
7735
17742
17316
16257
1407
22172
12628
32607
25213
16701
27772
31095
20491
8125
21745
17396
6419
27401
27844
23778
14085
2996
4093
20269
2134
5196
8052
17743
10183
15370
30721
29577
13411
30305
13159
25927
23631
19735
17238
28525
18820
1212
26039
26904
26200
7663
16147
24118
17004
25986
2226
20423
22359
10352
3616
30192
7412
6194
742
10653
32533
15748
29048
12847
29202
12563
22131
26851
18706
4387
18814
9853
28751
25201
13317
24165
18834
15073
20648
27041
3756
24968
28795
31331
588
17180
7358
8515
15854
1537
17
26010
7039
1291
15160
28329
15128
23440
7128
11386
8035
27545
24629
206
8218
3290
26970
20141
22596
22836
31346
11673
9504
7069
7968
23360
25568
9561
17645
64
136
31847
31973
10796
2378
1282
10317
8691
10428
2294
3216
15883
5359
10520
11901
31379
7915
23933
30829
7638
18563
16246
13381
16458
22987
13976
30636
11318
31296
277
14481
6628
22419
31602
5794
30281
2233
10446
25078
882
24044
24723
7292
6898
7161
25889
31662
31792
15813
1935
12024
32274
25467
8008
7134
17665
27540
15655
29168
19249
11998
24942
1311
31952
31233
21674
20735
6997
18633
8689
7482
29295
32599
26722
28844
13388
8204
20406
11822
109
20800
24355
30272
23112
5128
32496
13999
11819
7450
5604
19520
8439
31677
6166
5870
11333
18518
13948
11219
9764
19108
6063
27684
6090
26511
22252
29276
6706
18676
22495
26300
17506
13481
6331
6735
9712
265
5723
26818
25199
22602
29908
19015
8423
24322
4102
1853
7400
30577
32435
23105
23785
13910
23142
32081
19073
3593
23831
16
14902
7390
1247
11597
31254
11007
1637
16396
23653
30172
28352
5927
19111
9875
28217
14792
1362
170
595
11493
8943
5593
28202
8819
958
18702
28844
27499
11558
11524
1792
4053
31264
18432
28578
22393
17091
24473
14890
6150
12145
19788
20311
17797
6607
12815
15217
9666
22342
8094
17558
3986
11145
3758
20689
2550
24024
23182
14876
11807
6018
26165
11936
3499
23166
28106
8872
31058
13528
21262
7339
30671
2887
9642
19710
6891
30105
19173
21701
6309
17993
842
2850
11338
30801
25394
32213
27374
16778
31457
26944
7709
23365
1066
23486
13681
13829
9309
10410
4690
24022
22422
6811
7273
10688
15159
7737
29166
7170
15523
5131
22904
7235
870
4706
20259
4591
22207
10630
9565
5672
14960
31530
11378
28494
22084
19867
17436
22873
29134
17334
5998
3996
16520
7128
31637
30592
29723
12557
16897
13239
25437
31436
31011
24435
574
14000
24597
8468
25510
23762
3032
29304
32186
31399
17780
16449
9397
12900
26892
28223
1162
21947
23632
2410
6034
5812
406
1561
1201
3489
26627
2157
20486
27333
10905
10271
18661
17268
21904
27251
32287
30212
14644
16999
27362
28213
3147
20084
26941
6899
30951
25189
26665
28251
28206
5496
22289
14827
3892
30852
10842
7142
10743
15996
14662
4504
4866
12412
28665
3279
23557
23531
13525
16212
32351
3722
27849
23808
9907
14070
10002
8768
6477
19212
15039
2795
12887
4493
3444
2561
27992
23253
3474
672
18748
17853
2847
14056
21022
1862
20452
15941
4221
12437
21845
750
31541
15227
14365
28125
10660
26692
7567
11909
19817
13024
18167
26931
15330
9612
23323
12016
12152
23046
15295
31978
23832
24771
5008
27450
2346
32465
23268
1486
13914
9731
16495
17366
6424
32595
23564
25738
8436
20774
14990
21846
26883
7653
15605
2676
12797
3838
12958
15665
4627
30035
21863
15535
23119
26618
29522
16146
8046
20860
1803
6888
17112
10081
14789
19379
16757
17011
3345
2711
6754
27592
6809
25193
18021
31929
4693
22221
29822
29025
17097
22039
32536
10368
17676
12583
18287
2566
8169
18343
15755
5187
4588
18304
15021
19795
16853
9522
13858
21097
22959
10960
19706
25874
12965
15937
12440
18344
28438
2606
22276
13950
24783
32061
25820
21719
17712
5641
3663
10855
2881
2854
7948
14375
10553
7356
19315
22486
25972
3814
20299
16370
27728
3728
32233
31785
837
25741
169
29333
9307
13152
5382
28096
25216
17919
24756
23086
334
25023
3759
22510
6305
1387
4436
2169
16105
10641
5792
16483
21349
13487
19735
28380
13241
27819
18045
26248
4119
5527
12197
23406
1052
25900
20140
17988
32026
14384
1166
17100
9842
11414
19267
2836
6185
7255
9758
861
11207
29246
37
24655
25408
20176
21015
7017
25228
30619
32766
18140
30346
28418
6773
18014
16854
27810
10263
22470
346
10369
22084
15506
3160
18173
12358
27621
4736
7518
28733
15228
2285
19028
31931
4939
24949
7240
3518
22595
11096
2931
9646
15558
25879
766
30092
8329
15444
7282
6568
9193
23896
7994
22871
21524
23808
26493
50
29213
29438
383
11367
16955
21564
13616
19597
27407
32018
11686
16375
8865
5296
8132
17922
24081
22740
28987
3427
20133
10388
19233
270
22496
12085
5641
23134
3977
25401
16262
14765
15728
28592
15976
14629
1462
29805
19683
31260
16951
26224
19673
27036
14292
6479
16093
740
10817
13784
3813
9894
20472
12298
31481
3573
21090
13980
32556
5626
32214
8581
28389
20289
32515
13369
15356
20113
27738
5928
697
27546
29999
32106
4554
14982
21457
32701
5054
7679
13240
22687
24429
20238
30353
27648
2735
2488
12841
20910
26542
26386
27065
19757
29014
21681
27171
21377
13314
10227
769
22470
26871
21454
2300
13137
3079
10656
8418
4884
14793
20765
23997
28889
12362
28390
2332
20691
26008
12897
5919
16653
20440
19664
5353
3867
8462
7634
4127
17293
19950
20986
29227
8628
5318
27212
26206
17468
27084
27829
26084
23340
28149
21749
31872
1209
2010
32545
16861
7305
12167
24863
1472
25184
15115
30979
22079
20294
9316
15169
31350
25410
18922
29508
19894
23090
21106
31256
30126
28026
10934
11593
29388
16535
3972
8418
15804
30628
11730
4327
12732
4464
988
11656
29168
19221
21488
4317
4383
32055
30966
17426
21828
23170
23249
13706
8367
1052
13816
28023
2237
9935
30531
6013
15272
30001
13406
18803
20703
11722
30455
21089
29239
7041
16929
31497
26204
14326
6951
30939
7758
7203
16767
20091
13949
32585
477
21190
2721
4680
27423
25886
12236
3621
10047
7874
2853
16880
4875
28509
27203
12371
16474
32016
29704
10225
26485
27731
22084
6678
421
24522
21438
5950
5430
22760
20609
18864
15189
29043
6885
3102
15038
21969
1649
12570
12381
13845
11094
28910
2572
12213
26196
4508
14015
1688
15046
29005
23729
26724
20463
17948
3513
15008
2232
31454
19037
15141
14380
29603
19619
9204
10003
3037
21022
3121
25437
15762
5385
22546
11290
1532
11059
28758
31189
5365
19243
6675
11573
9474
26109
20964
24591
131
10627
2017
8516
16772
573
30286
3244
21522
28549
19601
24473
13743
12713
7630
6098
25869
7321
3942
22251
3621
29577
3543
23442
17326
24944
30755
20417
19406
29907
3047
24445
20477
8278
24510
3962
13003
16541
21575
19606
14832
643
13810
11319
27372
24385
23786
5599
27076
16095
17588
32287
9986
31182
22115
9316
25775
629
19175
21000
29982
17121
13707
630
31409
32541
21649
13889
2006
458
21621
23091
20847
9321
1596
11417
9833
30818
31244
15257
26979
32618
2524
8605
8851
27885
17680
17524
16488
29180
19783
17140
18792
23922
9494
18707
12673
10583
17808
1988
16638
2193
9457
29172
13579
9044
28111
13765
19497
24683
26684
23248
6867
31944
11101
186
24854
108
7789
27183
32102
138
26470
9198
20549
1758
14324
2456
14465
14947
10406
25645
10515
16067
520
15566
13620
22988
31119
9505
23963
18202
31555
10916
27327
4781
7295
20559
16639
14522
6912
7409
20138
27547
6234
24591
26669
14628
3750
137
24914
4767
6689
13040
26138
30296
22075
1914
26207
28168
26043
16000
23798
19394
24310
20812
29603
8436
22189
10753
8751
12846
13563
25902
9086
15301
27224
14998
7969
