10 9916
20 9822
30 9725
40 9607
50 9515
60 9420
70 9326
80 9223
90 9124
100 9018
110 8904
120 8820
130 8712
140 8619
150 8525
160 8432
170 8309
180 8226
190 8134
200 8041
210 7941
220 7836
230 7730
240 7623
250 7534
260 7457
270 7379
280 7255
290 7148
300 7051
310 6913
320 6823
330 6728
340 6654
350 6572
360 6463
370 6402
380 6314
390 6213
400 6103
410 6014
420 5929
430 5838
440 5730
450 5659
460 5557
470 5456
480 5333
490 5252
500 5130
510 5043
520 4953
530 4849
540 4767
550 4655
560 4543
570 4429
580 4330
590 4259
600 4207
610 4145
620 4069
630 3983
640 3906
650 3791
660 3680
670 3539
680 3472
690 3414
700 3301
710 3190
720 3092
730 3017
740 2944
750 2897
760 2836
770 2794
780 2705
790 2593
800 2520
810 2417
820 2319
830 2229
840 2139
850 2012
860 1948
870 1852
880 1808
890 1723
900 1672
910 1630
920 1529
930 1462
940 1383
950 1312
960 1243
970 1190
980 1104
990 1043
1000 998
1010 998
1020 998
1030 998
1040 998
1050 998
1060 998
1070 998
1080 998
1090 998
1100 998
1110 998
1120 998
1130 998
1140 998
1150 998
1160 998
1170 998
1180 998
1190 998
1200 998
1210 998
1220 998
1230 998
1240 998
1250 998
1260 998
1270 998
1280 998
1290 998
1300 998
1310 998
1320 998
1330 998
1340 998
1350 998
1360 998
1370 998
1380 998
1390 998
1400 998
1410 998
1420 998
1430 998
1440 998
1450 998
1460 998
1470 998
1480 998
1490 998
1500 998
